1000 0.0255661 0.0022535 0.00120731
1183 0.0359344 0.00285174 0.00142626
1366 0.047757 0.0032334 0.00173333
1549 0.0618782 0.00362335 0.00218685
1732 0.0779235 0.00407254 0.00225315
1915 0.0952998 0.00449711 0.00265574
2098 0.114588 0.00553929 0.0029415
2281 0.136058 0.0055095 0.0030934
2464 0.159354 0.00591343 0.003318
2647 0.182582 0.006476 0.00339575
2830 0.206316 0.00727267 0.004009
3013 0.238773 0.007883 0.003889
3196 0.268851 0.010198 0.004956
3379 0.294583 0.008273 0.004615
3562 0.333152 0.008763 0.004651
3745 0.360956 0.010948 0.005047
3928 0.389096 0.01 0.006988
4111 0.428604 0.010728 0.006071
4294 0.475603 0.010676 0.005528
4477 0.517273 0.013453 0.007906
4660 0.557712 0.011626 0.00677
4843 0.603472 0.015067 0.006348
5026 0.647544 0.017032 0.008764
5209 0.681941 0.01516 0.008444
5392 0.752069 0.016685 0.007992
5575 0.815236 0.015677 0.007567
5758 0.868569 0.018924 0.008123
5941 0.932688 0.015955 0.008829
6124 1.00354 0.018584 0.010088
6307 1.02356 0.020323 0.008897
6490 1.09584 0.017649 0.011106
6673 1.17006 0.019299 0.00959
6856 1.20937 0.018646 0.012656
7039 1.29706 0.021804 0.010533
7222 1.36236 0.020482 0.010093
7405 1.44209 0.019962 0.01155
7588 1.5004 0.022419 0.013315
7771 1.55611 0.023506 0.01169
7954 1.64061 0.02324 0.012349
8137 1.71768 0.02401 0.011432
8320 1.81489 0.026557 0.015242
8503 1.87073 0.025607 0.013328
8686 1.96221 0.029566 0.012918
8869 2.05088 0.023891 0.013594
9052 2.1298 0.027143 0.014123
9235 2.20888 0.025919 0.015019
9418 2.28906 0.026939 0.01542
9601 2.39865 0.029461 0.014027
9784 2.47097 0.028588 0.015028
9967 2.60615 0.028995 0.015387
